pt1: 5934
i=0[0, 1, 1, 2, 1, 0, 0, 0, 0]->[1, 1, 2, 1, 0, 0, 0, 0, 0]
i=1[1, 1, 2, 1, 0, 0, 0, 0, 0]->[1, 2, 1, 0, 0, 0, 1, 0, 1]
i=2[1, 2, 1, 0, 0, 0, 1, 0, 1]->[2, 1, 0, 0, 0, 1, 2, 1, 2]
i=3[2, 1, 0, 0, 0, 1, 2, 1, 2]->[1, 0, 0, 0, 1, 2, 2, 2, 1]
i=4[1, 0, 0, 0, 1, 2, 2, 2, 1]->[0, 0, 0, 1, 2, 2, 2, 1, 0]
i=5[0, 0, 0, 1, 2, 2, 2, 1, 0]->[0, 0, 1, 2, 2, 2, 1, 0, 0]
i=6[0, 0, 1, 2, 2, 2, 1, 0, 0]->[0, 1, 2, 2, 2, 1, 0, 0, 0]
i=7[0, 1, 2, 2, 2, 1, 0, 0, 0]->[1, 2, 2, 2, 1, 0, 1, 0, 1]
i=8[1, 2, 2, 2, 1, 0, 1, 0, 1]->[2, 2, 2, 1, 0, 1, 2, 1, 2]
i=9[2, 2, 2, 1, 0, 1, 2, 1, 2]->[2, 2, 1, 0, 1, 2, 3, 2, 2]
i=10[2, 2, 1, 0, 1, 2, 3, 2, 2]->[2, 1, 0, 1, 2, 3, 4, 2, 2]
i=11[2, 1, 0, 1, 2, 3, 4, 2, 2]->[1, 0, 1, 2, 3, 4, 3, 2, 1]
i=12[1, 0, 1, 2, 3, 4, 3, 2, 1]->[0, 1, 2, 3, 4, 3, 2, 1, 0]
i=13[0, 1, 2, 3, 4, 3, 2, 1, 0]->[1, 2, 3, 4, 3, 2, 2, 0, 1]
i=14[1, 2, 3, 4, 3, 2, 2, 0, 1]->[2, 3, 4, 3, 2, 2, 2, 1, 2]
i=15[2, 3, 4, 3, 2, 2, 2, 1, 2]->[3, 4, 3, 2, 2, 2, 4, 2, 3]
i=16[3, 4, 3, 2, 2, 2, 4, 2, 3]->[4, 3, 2, 2, 2, 4, 6, 3, 4]
i=17[4, 3, 2, 2, 2, 4, 6, 3, 4]->[3, 2, 2, 2, 4, 6, 6, 4, 3]
i=18[3, 2, 2, 2, 4, 6, 6, 4, 3]->[2, 2, 2, 4, 6, 6, 6, 3, 2]
i=19[2, 2, 2, 4, 6, 6, 6, 3, 2]->[2, 2, 4, 6, 6, 6, 5, 2, 2]
i=20[2, 2, 4, 6, 6, 6, 5, 2, 2]->[2, 4, 6, 6, 6, 5, 4, 2, 2]
i=21[2, 4, 6, 6, 6, 5, 4, 2, 2]->[4, 6, 6, 6, 5, 4, 6, 2, 4]
i=22[4, 6, 6, 6, 5, 4, 6, 2, 4]->[6, 6, 6, 5, 4, 6, 8, 4, 6]
i=23[6, 6, 6, 5, 4, 6, 8, 4, 6]->[6, 6, 5, 4, 6, 8, 10, 6, 6]
i=24[6, 6, 5, 4, 6, 8, 10, 6, 6]->[6, 5, 4, 6, 8, 10, 12, 6, 6]
i=25[6, 5, 4, 6, 8, 10, 12, 6, 6]->[5, 4, 6, 8, 10, 12, 11, 6, 5]
i=26[5, 4, 6, 8, 10, 12, 11, 6, 5]->[4, 6, 8, 10, 12, 11, 10, 5, 4]
i=27[4, 6, 8, 10, 12, 11, 10, 5, 4]->[6, 8, 10, 12, 11, 10, 11, 4, 6]
i=28[6, 8, 10, 12, 11, 10, 11, 4, 6]->[8, 10, 12, 11, 10, 11, 12, 6, 8]
i=29[8, 10, 12, 11, 10, 11, 12, 6, 8]->[10, 12, 11, 10, 11, 12, 16, 8, 10]
i=30[10, 12, 11, 10, 11, 12, 16, 8, 10]->[12, 11, 10, 11, 12, 16, 20, 10, 12]
i=31[12, 11, 10, 11, 12, 16, 20, 10, 12]->[11, 10, 11, 12, 16, 20, 21, 12, 11]
i=32[11, 10, 11, 12, 16, 20, 21, 12, 11]->[10, 11, 12, 16, 20, 21, 22, 11, 10]
i=33[10, 11, 12, 16, 20, 21, 22, 11, 10]->[11, 12, 16, 20, 21, 22, 22, 10, 11]
i=34[11, 12, 16, 20, 21, 22, 22, 10, 11]->[12, 16, 20, 21, 22, 22, 22, 11, 12]
i=35[12, 16, 20, 21, 22, 22, 22, 11, 12]->[16, 20, 21, 22, 22, 22, 27, 12, 16]
i=36[16, 20, 21, 22, 22, 22, 27, 12, 16]->[20, 21, 22, 22, 22, 27, 32, 16, 20]
i=37[20, 21, 22, 22, 22, 27, 32, 16, 20]->[21, 22, 22, 22, 27, 32, 37, 20, 21]
i=38[21, 22, 22, 22, 27, 32, 37, 20, 21]->[22, 22, 22, 27, 32, 37, 42, 21, 22]
i=39[22, 22, 22, 27, 32, 37, 42, 21, 22]->[22, 22, 27, 32, 37, 42, 43, 22, 22]
i=40[22, 22, 27, 32, 37, 42, 43, 22, 22]->[22, 27, 32, 37, 42, 43, 44, 22, 22]
i=41[22, 27, 32, 37, 42, 43, 44, 22, 22]->[27, 32, 37, 42, 43, 44, 49, 22, 27]
i=42[27, 32, 37, 42, 43, 44, 49, 22, 27]->[32, 37, 42, 43, 44, 49, 54, 27, 32]
i=43[32, 37, 42, 43, 44, 49, 54, 27, 32]->[37, 42, 43, 44, 49, 54, 64, 32, 37]
i=44[37, 42, 43, 44, 49, 54, 64, 32, 37]->[42, 43, 44, 49, 54, 64, 74, 37, 42]
i=45[42, 43, 44, 49, 54, 64, 74, 37, 42]->[43, 44, 49, 54, 64, 74, 80, 42, 43]
i=46[43, 44, 49, 54, 64, 74, 80, 42, 43]->[44, 49, 54, 64, 74, 80, 86, 43, 44]
i=47[44, 49, 54, 64, 74, 80, 86, 43, 44]->[49, 54, 64, 74, 80, 86, 92, 44, 49]
i=48[49, 54, 64, 74, 80, 86, 92, 44, 49]->[54, 64, 74, 80, 86, 92, 98, 49, 54]
i=49[54, 64, 74, 80, 86, 92, 98, 49, 54]->[64, 74, 80, 86, 92, 98, 113, 54, 64]
i=50[64, 74, 80, 86, 92, 98, 113, 54, 64]->[74, 80, 86, 92, 98, 113, 128, 64, 74]
i=51[74, 80, 86, 92, 98, 113, 128, 64, 74]->[80, 86, 92, 98, 113, 128, 144, 74, 80]
i=52[80, 86, 92, 98, 113, 128, 144, 74, 80]->[86, 92, 98, 113, 128, 144, 160, 80, 86]
i=53[86, 92, 98, 113, 128, 144, 160, 80, 86]->[92, 98, 113, 128, 144, 160, 172, 86, 92]
i=54[92, 98, 113, 128, 144, 160, 172, 86, 92]->[98, 113, 128, 144, 160, 172, 184, 92, 98]
i=55[98, 113, 128, 144, 160, 172, 184, 92, 98]->[113, 128, 144, 160, 172, 184, 205, 98, 113]
i=56[113, 128, 144, 160, 172, 184, 205, 98, 113]->[128, 144, 160, 172, 184, 205, 226, 113, 128]
i=57[128, 144, 160, 172, 184, 205, 226, 113, 128]->[144, 160, 172, 184, 205, 226, 257, 128, 144]
i=58[144, 160, 172, 184, 205, 226, 257, 128, 144]->[160, 172, 184, 205, 226, 257, 288, 144, 160]
i=59[160, 172, 184, 205, 226, 257, 288, 144, 160]->[172, 184, 205, 226, 257, 288, 316, 160, 172]
i=60[172, 184, 205, 226, 257, 288, 316, 160, 172]->[184, 205, 226, 257, 288, 316, 344, 172, 184]
i=61[184, 205, 226, 257, 288, 316, 344, 172, 184]->[205, 226, 257, 288, 316, 344, 377, 184, 205]
i=62[205, 226, 257, 288, 316, 344, 377, 184, 205]->[226, 257, 288, 316, 344, 377, 410, 205, 226]
i=63[226, 257, 288, 316, 344, 377, 410, 205, 226]->[257, 288, 316, 344, 377, 410, 462, 226, 257]
i=64[257, 288, 316, 344, 377, 410, 462, 226, 257]->[288, 316, 344, 377, 410, 462, 514, 257, 288]
i=65[288, 316, 344, 377, 410, 462, 514, 257, 288]->[316, 344, 377, 410, 462, 514, 573, 288, 316]
i=66[316, 344, 377, 410, 462, 514, 573, 288, 316]->[344, 377, 410, 462, 514, 573, 632, 316, 344]
i=67[344, 377, 410, 462, 514, 573, 632, 316, 344]->[377, 410, 462, 514, 573, 632, 693, 344, 377]
i=68[377, 410, 462, 514, 573, 632, 693, 344, 377]->[410, 462, 514, 573, 632, 693, 754, 377, 410]
i=69[410, 462, 514, 573, 632, 693, 754, 377, 410]->[462, 514, 573, 632, 693, 754, 839, 410, 462]
i=70[462, 514, 573, 632, 693, 754, 839, 410, 462]->[514, 573, 632, 693, 754, 839, 924, 462, 514]
i=71[514, 573, 632, 693, 754, 839, 924, 462, 514]->[573, 632, 693, 754, 839, 924, 1035, 514, 573]
i=72[573, 632, 693, 754, 839, 924, 1035, 514, 573]->[632, 693, 754, 839, 924, 1035, 1146, 573, 632]
i=73[632, 693, 754, 839, 924, 1035, 1146, 573, 632]->[693, 754, 839, 924, 1035, 1146, 1266, 632, 693]
i=74[693, 754, 839, 924, 1035, 1146, 1266, 632, 693]->[754, 839, 924, 1035, 1146, 1266, 1386, 693, 754]
i=75[754, 839, 924, 1035, 1146, 1266, 1386, 693, 754]->[839, 924, 1035, 1146, 1266, 1386, 1532, 754, 839]
i=76[839, 924, 1035, 1146, 1266, 1386, 1532, 754, 839]->[924, 1035, 1146, 1266, 1386, 1532, 1678, 839, 924]
i=77[924, 1035, 1146, 1266, 1386, 1532, 1678, 839, 924]->[1035, 1146, 1266, 1386, 1532, 1678, 1874, 924, 1035]
i=78[1035, 1146, 1266, 1386, 1532, 1678, 1874, 924, 1035]->[1146, 1266, 1386, 1532, 1678, 1874, 2070, 1035, 1146]
i=79[1146, 1266, 1386, 1532, 1678, 1874, 2070, 1035, 1146]->[1266, 1386, 1532, 1678, 1874, 2070, 2301, 1146, 1266]
i=80[1266, 1386, 1532, 1678, 1874, 2070, 2301, 1146, 1266]->[1386, 1532, 1678, 1874, 2070, 2301, 2532, 1266, 1386]
i=81[1386, 1532, 1678, 1874, 2070, 2301, 2532, 1266, 1386]->[1532, 1678, 1874, 2070, 2301, 2532, 2798, 1386, 1532]
i=82[1532, 1678, 1874, 2070, 2301, 2532, 2798, 1386, 1532]->[1678, 1874, 2070, 2301, 2532, 2798, 3064, 1532, 1678]
i=83[1678, 1874, 2070, 2301, 2532, 2798, 3064, 1532, 1678]->[1874, 2070, 2301, 2532, 2798, 3064, 3406, 1678, 1874]
i=84[1874, 2070, 2301, 2532, 2798, 3064, 3406, 1678, 1874]->[2070, 2301, 2532, 2798, 3064, 3406, 3748, 1874, 2070]
i=85[2070, 2301, 2532, 2798, 3064, 3406, 3748, 1874, 2070]->[2301, 2532, 2798, 3064, 3406, 3748, 4175, 2070, 2301]
i=86[2301, 2532, 2798, 3064, 3406, 3748, 4175, 2070, 2301]->[2532, 2798, 3064, 3406, 3748, 4175, 4602, 2301, 2532]
i=87[2532, 2798, 3064, 3406, 3748, 4175, 4602, 2301, 2532]->[2798, 3064, 3406, 3748, 4175, 4602, 5099, 2532, 2798]
i=88[2798, 3064, 3406, 3748, 4175, 4602, 5099, 2532, 2798]->[3064, 3406, 3748, 4175, 4602, 5099, 5596, 2798, 3064]
i=89[3064, 3406, 3748, 4175, 4602, 5099, 5596, 2798, 3064]->[3406, 3748, 4175, 4602, 5099, 5596, 6204, 3064, 3406]
i=90[3406, 3748, 4175, 4602, 5099, 5596, 6204, 3064, 3406]->[3748, 4175, 4602, 5099, 5596, 6204, 6812, 3406, 3748]
i=91[3748, 4175, 4602, 5099, 5596, 6204, 6812, 3406, 3748]->[4175, 4602, 5099, 5596, 6204, 6812, 7581, 3748, 4175]
i=92[4175, 4602, 5099, 5596, 6204, 6812, 7581, 3748, 4175]->[4602, 5099, 5596, 6204, 6812, 7581, 8350, 4175, 4602]
i=93[4602, 5099, 5596, 6204, 6812, 7581, 8350, 4175, 4602]->[5099, 5596, 6204, 6812, 7581, 8350, 9274, 4602, 5099]
i=94[5099, 5596, 6204, 6812, 7581, 8350, 9274, 4602, 5099]->[5596, 6204, 6812, 7581, 8350, 9274, 10198, 5099, 5596]
i=95[5596, 6204, 6812, 7581, 8350, 9274, 10198, 5099, 5596]->[6204, 6812, 7581, 8350, 9274, 10198, 11303, 5596, 6204]
i=96[6204, 6812, 7581, 8350, 9274, 10198, 11303, 5596, 6204]->[6812, 7581, 8350, 9274, 10198, 11303, 12408, 6204, 6812]
i=97[6812, 7581, 8350, 9274, 10198, 11303, 12408, 6204, 6812]->[7581, 8350, 9274, 10198, 11303, 12408, 13785, 6812, 7581]
i=98[7581, 8350, 9274, 10198, 11303, 12408, 13785, 6812, 7581]->[8350, 9274, 10198, 11303, 12408, 13785, 15162, 7581, 8350]
i=99[8350, 9274, 10198, 11303, 12408, 13785, 15162, 7581, 8350]->[9274, 10198, 11303, 12408, 13785, 15162, 16855, 8350, 9274]
i=100[9274, 10198, 11303, 12408, 13785, 15162, 16855, 8350, 9274]->[10198, 11303, 12408, 13785, 15162, 16855, 18548, 9274, 10198]
i=101[10198, 11303, 12408, 13785, 15162, 16855, 18548, 9274, 10198]->[11303, 12408, 13785, 15162, 16855, 18548, 20577, 10198, 11303]
i=102[11303, 12408, 13785, 15162, 16855, 18548, 20577, 10198, 11303]->[12408, 13785, 15162, 16855, 18548, 20577, 22606, 11303, 12408]
i=103[12408, 13785, 15162, 16855, 18548, 20577, 22606, 11303, 12408]->[13785, 15162, 16855, 18548, 20577, 22606, 25088, 12408, 13785]
i=104[13785, 15162, 16855, 18548, 20577, 22606, 25088, 12408, 13785]->[15162, 16855, 18548, 20577, 22606, 25088, 27570, 13785, 15162]
i=105[15162, 16855, 18548, 20577, 22606, 25088, 27570, 13785, 15162]->[16855, 18548, 20577, 22606, 25088, 27570, 30640, 15162, 16855]
i=106[16855, 18548, 20577, 22606, 25088, 27570, 30640, 15162, 16855]->[18548, 20577, 22606, 25088, 27570, 30640, 33710, 16855, 18548]
i=107[18548, 20577, 22606, 25088, 27570, 30640, 33710, 16855, 18548]->[20577, 22606, 25088, 27570, 30640, 33710, 37432, 18548, 20577]
i=108[20577, 22606, 25088, 27570, 30640, 33710, 37432, 18548, 20577]->[22606, 25088, 27570, 30640, 33710, 37432, 41154, 20577, 22606]
i=109[22606, 25088, 27570, 30640, 33710, 37432, 41154, 20577, 22606]->[25088, 27570, 30640, 33710, 37432, 41154, 45665, 22606, 25088]
i=110[25088, 27570, 30640, 33710, 37432, 41154, 45665, 22606, 25088]->[27570, 30640, 33710, 37432, 41154, 45665, 50176, 25088, 27570]
i=111[27570, 30640, 33710, 37432, 41154, 45665, 50176, 25088, 27570]->[30640, 33710, 37432, 41154, 45665, 50176, 55728, 27570, 30640]
i=112[30640, 33710, 37432, 41154, 45665, 50176, 55728, 27570, 30640]->[33710, 37432, 41154, 45665, 50176, 55728, 61280, 30640, 33710]
i=113[33710, 37432, 41154, 45665, 50176, 55728, 61280, 30640, 33710]->[37432, 41154, 45665, 50176, 55728, 61280, 68072, 33710, 37432]
i=114[37432, 41154, 45665, 50176, 55728, 61280, 68072, 33710, 37432]->[41154, 45665, 50176, 55728, 61280, 68072, 74864, 37432, 41154]
i=115[41154, 45665, 50176, 55728, 61280, 68072, 74864, 37432, 41154]->[45665, 50176, 55728, 61280, 68072, 74864, 83097, 41154, 45665]
i=116[45665, 50176, 55728, 61280, 68072, 74864, 83097, 41154, 45665]->[50176, 55728, 61280, 68072, 74864, 83097, 91330, 45665, 50176]
i=117[50176, 55728, 61280, 68072, 74864, 83097, 91330, 45665, 50176]->[55728, 61280, 68072, 74864, 83097, 91330, 101393, 50176, 55728]
i=118[55728, 61280, 68072, 74864, 83097, 91330, 101393, 50176, 55728]->[61280, 68072, 74864, 83097, 91330, 101393, 111456, 55728, 61280]
i=119[61280, 68072, 74864, 83097, 91330, 101393, 111456, 55728, 61280]->[68072, 74864, 83097, 91330, 101393, 111456, 123800, 61280, 68072]
i=120[68072, 74864, 83097, 91330, 101393, 111456, 123800, 61280, 68072]->[74864, 83097, 91330, 101393, 111456, 123800, 136144, 68072, 74864]
i=121[74864, 83097, 91330, 101393, 111456, 123800, 136144, 68072, 74864]->[83097, 91330, 101393, 111456, 123800, 136144, 151169, 74864, 83097]
i=122[83097, 91330, 101393, 111456, 123800, 136144, 151169, 74864, 83097]->[91330, 101393, 111456, 123800, 136144, 151169, 166194, 83097, 91330]
i=123[91330, 101393, 111456, 123800, 136144, 151169, 166194, 83097, 91330]->[101393, 111456, 123800, 136144, 151169, 166194, 184490, 91330, 101393]
i=124[101393, 111456, 123800, 136144, 151169, 166194, 184490, 91330, 101393]->[111456, 123800, 136144, 151169, 166194, 184490, 202786, 101393, 111456]
i=125[111456, 123800, 136144, 151169, 166194, 184490, 202786, 101393, 111456]->[123800, 136144, 151169, 166194, 184490, 202786, 225193, 111456, 123800]
i=126[123800, 136144, 151169, 166194, 184490, 202786, 225193, 111456, 123800]->[136144, 151169, 166194, 184490, 202786, 225193, 247600, 123800, 136144]
i=127[136144, 151169, 166194, 184490, 202786, 225193, 247600, 123800, 136144]->[151169, 166194, 184490, 202786, 225193, 247600, 274969, 136144, 151169]
i=128[151169, 166194, 184490, 202786, 225193, 247600, 274969, 136144, 151169]->[166194, 184490, 202786, 225193, 247600, 274969, 302338, 151169, 166194]
i=129[166194, 184490, 202786, 225193, 247600, 274969, 302338, 151169, 166194]->[184490, 202786, 225193, 247600, 274969, 302338, 335659, 166194, 184490]
i=130[184490, 202786, 225193, 247600, 274969, 302338, 335659, 166194, 184490]->[202786, 225193, 247600, 274969, 302338, 335659, 368980, 184490, 202786]
i=131[202786, 225193, 247600, 274969, 302338, 335659, 368980, 184490, 202786]->[225193, 247600, 274969, 302338, 335659, 368980, 409683, 202786, 225193]
i=132[225193, 247600, 274969, 302338, 335659, 368980, 409683, 202786, 225193]->[247600, 274969, 302338, 335659, 368980, 409683, 450386, 225193, 247600]
i=133[247600, 274969, 302338, 335659, 368980, 409683, 450386, 225193, 247600]->[274969, 302338, 335659, 368980, 409683, 450386, 500162, 247600, 274969]
i=134[274969, 302338, 335659, 368980, 409683, 450386, 500162, 247600, 274969]->[302338, 335659, 368980, 409683, 450386, 500162, 549938, 274969, 302338]
i=135[302338, 335659, 368980, 409683, 450386, 500162, 549938, 274969, 302338]->[335659, 368980, 409683, 450386, 500162, 549938, 610628, 302338, 335659]
i=136[335659, 368980, 409683, 450386, 500162, 549938, 610628, 302338, 335659]->[368980, 409683, 450386, 500162, 549938, 610628, 671318, 335659, 368980]
i=137[368980, 409683, 450386, 500162, 549938, 610628, 671318, 335659, 368980]->[409683, 450386, 500162, 549938, 610628, 671318, 745342, 368980, 409683]
i=138[409683, 450386, 500162, 549938, 610628, 671318, 745342, 368980, 409683]->[450386, 500162, 549938, 610628, 671318, 745342, 819366, 409683, 450386]
i=139[450386, 500162, 549938, 610628, 671318, 745342, 819366, 409683, 450386]->[500162, 549938, 610628, 671318, 745342, 819366, 909845, 450386, 500162]
i=140[500162, 549938, 610628, 671318, 745342, 819366, 909845, 450386, 500162]->[549938, 610628, 671318, 745342, 819366, 909845, 1000324, 500162, 549938]
i=141[549938, 610628, 671318, 745342, 819366, 909845, 1000324, 500162, 549938]->[610628, 671318, 745342, 819366, 909845, 1000324, 1110790, 549938, 610628]
i=142[610628, 671318, 745342, 819366, 909845, 1000324, 1110790, 549938, 610628]->[671318, 745342, 819366, 909845, 1000324, 1110790, 1221256, 610628, 671318]
i=143[671318, 745342, 819366, 909845, 1000324, 1110790, 1221256, 610628, 671318]->[745342, 819366, 909845, 1000324, 1110790, 1221256, 1355970, 671318, 745342]
i=144[745342, 819366, 909845, 1000324, 1110790, 1221256, 1355970, 671318, 745342]->[819366, 909845, 1000324, 1110790, 1221256, 1355970, 1490684, 745342, 819366]
i=145[819366, 909845, 1000324, 1110790, 1221256, 1355970, 1490684, 745342, 819366]->[909845, 1000324, 1110790, 1221256, 1355970, 1490684, 1655187, 819366, 909845]
i=146[909845, 1000324, 1110790, 1221256, 1355970, 1490684, 1655187, 819366, 909845]->[1000324, 1110790, 1221256, 1355970, 1490684, 1655187, 1819690, 909845, 1000324]
i=147[1000324, 1110790, 1221256, 1355970, 1490684, 1655187, 1819690, 909845, 1000324]->[1110790, 1221256, 1355970, 1490684, 1655187, 1819690, 2020635, 1000324, 1110790]
i=148[1110790, 1221256, 1355970, 1490684, 1655187, 1819690, 2020635, 1000324, 1110790]->[1221256, 1355970, 1490684, 1655187, 1819690, 2020635, 2221580, 1110790, 1221256]
i=149[1221256, 1355970, 1490684, 1655187, 1819690, 2020635, 2221580, 1110790, 1221256]->[1355970, 1490684, 1655187, 1819690, 2020635, 2221580, 2466760, 1221256, 1355970]
i=150[1355970, 1490684, 1655187, 1819690, 2020635, 2221580, 2466760, 1221256, 1355970]->[1490684, 1655187, 1819690, 2020635, 2221580, 2466760, 2711940, 1355970, 1490684]
i=151[1490684, 1655187, 1819690, 2020635, 2221580, 2466760, 2711940, 1355970, 1490684]->[1655187, 1819690, 2020635, 2221580, 2466760, 2711940, 3011157, 1490684, 1655187]
i=152[1655187, 1819690, 2020635, 2221580, 2466760, 2711940, 3011157, 1490684, 1655187]->[1819690, 2020635, 2221580, 2466760, 2711940, 3011157, 3310374, 1655187, 1819690]
i=153[1819690, 2020635, 2221580, 2466760, 2711940, 3011157, 3310374, 1655187, 1819690]->[2020635, 2221580, 2466760, 2711940, 3011157, 3310374, 3675822, 1819690, 2020635]
i=154[2020635, 2221580, 2466760, 2711940, 3011157, 3310374, 3675822, 1819690, 2020635]->[2221580, 2466760, 2711940, 3011157, 3310374, 3675822, 4041270, 2020635, 2221580]
i=155[2221580, 2466760, 2711940, 3011157, 3310374, 3675822, 4041270, 2020635, 2221580]->[2466760, 2711940, 3011157, 3310374, 3675822, 4041270, 4487395, 2221580, 2466760]
i=156[2466760, 2711940, 3011157, 3310374, 3675822, 4041270, 4487395, 2221580, 2466760]->[2711940, 3011157, 3310374, 3675822, 4041270, 4487395, 4933520, 2466760, 2711940]
i=157[2711940, 3011157, 3310374, 3675822, 4041270, 4487395, 4933520, 2466760, 2711940]->[3011157, 3310374, 3675822, 4041270, 4487395, 4933520, 5477917, 2711940, 3011157]
i=158[3011157, 3310374, 3675822, 4041270, 4487395, 4933520, 5477917, 2711940, 3011157]->[3310374, 3675822, 4041270, 4487395, 4933520, 5477917, 6022314, 3011157, 3310374]
i=159[3310374, 3675822, 4041270, 4487395, 4933520, 5477917, 6022314, 3011157, 3310374]->[3675822, 4041270, 4487395, 4933520, 5477917, 6022314, 6686979, 3310374, 3675822]
i=160[3675822, 4041270, 4487395, 4933520, 5477917, 6022314, 6686979, 3310374, 3675822]->[4041270, 4487395, 4933520, 5477917, 6022314, 6686979, 7351644, 3675822, 4041270]
i=161[4041270, 4487395, 4933520, 5477917, 6022314, 6686979, 7351644, 3675822, 4041270]->[4487395, 4933520, 5477917, 6022314, 6686979, 7351644, 8163217, 4041270, 4487395]
i=162[4487395, 4933520, 5477917, 6022314, 6686979, 7351644, 8163217, 4041270, 4487395]->[4933520, 5477917, 6022314, 6686979, 7351644, 8163217, 8974790, 4487395, 4933520]
i=163[4933520, 5477917, 6022314, 6686979, 7351644, 8163217, 8974790, 4487395, 4933520]->[5477917, 6022314, 6686979, 7351644, 8163217, 8974790, 9965312, 4933520, 5477917]
i=164[5477917, 6022314, 6686979, 7351644, 8163217, 8974790, 9965312, 4933520, 5477917]->[6022314, 6686979, 7351644, 8163217, 8974790, 9965312, 10955834, 5477917, 6022314]
i=165[6022314, 6686979, 7351644, 8163217, 8974790, 9965312, 10955834, 5477917, 6022314]->[6686979, 7351644, 8163217, 8974790, 9965312, 10955834, 12164896, 6022314, 6686979]
i=166[6686979, 7351644, 8163217, 8974790, 9965312, 10955834, 12164896, 6022314, 6686979]->[7351644, 8163217, 8974790, 9965312, 10955834, 12164896, 13373958, 6686979, 7351644]
i=167[7351644, 8163217, 8974790, 9965312, 10955834, 12164896, 13373958, 6686979, 7351644]->[8163217, 8974790, 9965312, 10955834, 12164896, 13373958, 14850196, 7351644, 8163217]
i=168[8163217, 8974790, 9965312, 10955834, 12164896, 13373958, 14850196, 7351644, 8163217]->[8974790, 9965312, 10955834, 12164896, 13373958, 14850196, 16326434, 8163217, 8974790]
i=169[8974790, 9965312, 10955834, 12164896, 13373958, 14850196, 16326434, 8163217, 8974790]->[9965312, 10955834, 12164896, 13373958, 14850196, 16326434, 18128529, 8974790, 9965312]
i=170[9965312, 10955834, 12164896, 13373958, 14850196, 16326434, 18128529, 8974790, 9965312]->[10955834, 12164896, 13373958, 14850196, 16326434, 18128529, 19930624, 9965312, 10955834]
i=171[10955834, 12164896, 13373958, 14850196, 16326434, 18128529, 19930624, 9965312, 10955834]->[12164896, 13373958, 14850196, 16326434, 18128529, 19930624, 22130208, 10955834, 12164896]
i=172[12164896, 13373958, 14850196, 16326434, 18128529, 19930624, 22130208, 10955834, 12164896]->[13373958, 14850196, 16326434, 18128529, 19930624, 22130208, 24329792, 12164896, 13373958]
i=173[13373958, 14850196, 16326434, 18128529, 19930624, 22130208, 24329792, 12164896, 13373958]->[14850196, 16326434, 18128529, 19930624, 22130208, 24329792, 27015092, 13373958, 14850196]
i=174[14850196, 16326434, 18128529, 19930624, 22130208, 24329792, 27015092, 13373958, 14850196]->[16326434, 18128529, 19930624, 22130208, 24329792, 27015092, 29700392, 14850196, 16326434]
i=175[16326434, 18128529, 19930624, 22130208, 24329792, 27015092, 29700392, 14850196, 16326434]->[18128529, 19930624, 22130208, 24329792, 27015092, 29700392, 32978725, 16326434, 18128529]
i=176[18128529, 19930624, 22130208, 24329792, 27015092, 29700392, 32978725, 16326434, 18128529]->[19930624, 22130208, 24329792, 27015092, 29700392, 32978725, 36257058, 18128529, 19930624]
i=177[19930624, 22130208, 24329792, 27015092, 29700392, 32978725, 36257058, 18128529, 19930624]->[22130208, 24329792, 27015092, 29700392, 32978725, 36257058, 40258737, 19930624, 22130208]
i=178[22130208, 24329792, 27015092, 29700392, 32978725, 36257058, 40258737, 19930624, 22130208]->[24329792, 27015092, 29700392, 32978725, 36257058, 40258737, 44260416, 22130208, 24329792]
i=179[24329792, 27015092, 29700392, 32978725, 36257058, 40258737, 44260416, 22130208, 24329792]->[27015092, 29700392, 32978725, 36257058, 40258737, 44260416, 49145300, 24329792, 27015092]
i=180[27015092, 29700392, 32978725, 36257058, 40258737, 44260416, 49145300, 24329792, 27015092]->[29700392, 32978725, 36257058, 40258737, 44260416, 49145300, 54030184, 27015092, 29700392]
i=181[29700392, 32978725, 36257058, 40258737, 44260416, 49145300, 54030184, 27015092, 29700392]->[32978725, 36257058, 40258737, 44260416, 49145300, 54030184, 59993817, 29700392, 32978725]
i=182[32978725, 36257058, 40258737, 44260416, 49145300, 54030184, 59993817, 29700392, 32978725]->[36257058, 40258737, 44260416, 49145300, 54030184, 59993817, 65957450, 32978725, 36257058]
i=183[36257058, 40258737, 44260416, 49145300, 54030184, 59993817, 65957450, 32978725, 36257058]->[40258737, 44260416, 49145300, 54030184, 59993817, 65957450, 73237462, 36257058, 40258737]
i=184[40258737, 44260416, 49145300, 54030184, 59993817, 65957450, 73237462, 36257058, 40258737]->[44260416, 49145300, 54030184, 59993817, 65957450, 73237462, 80517474, 40258737, 44260416]
i=185[44260416, 49145300, 54030184, 59993817, 65957450, 73237462, 80517474, 40258737, 44260416]->[49145300, 54030184, 59993817, 65957450, 73237462, 80517474, 89404037, 44260416, 49145300]
i=186[49145300, 54030184, 59993817, 65957450, 73237462, 80517474, 89404037, 44260416, 49145300]->[54030184, 59993817, 65957450, 73237462, 80517474, 89404037, 98290600, 49145300, 54030184]
i=187[54030184, 59993817, 65957450, 73237462, 80517474, 89404037, 98290600, 49145300, 54030184]->[59993817, 65957450, 73237462, 80517474, 89404037, 98290600, 109139117, 54030184, 59993817]
i=188[59993817, 65957450, 73237462, 80517474, 89404037, 98290600, 109139117, 54030184, 59993817]->[65957450, 73237462, 80517474, 89404037, 98290600, 109139117, 119987634, 59993817, 65957450]
i=189[65957450, 73237462, 80517474, 89404037, 98290600, 109139117, 119987634, 59993817, 65957450]->[73237462, 80517474, 89404037, 98290600, 109139117, 119987634, 133231279, 65957450, 73237462]
i=190[73237462, 80517474, 89404037, 98290600, 109139117, 119987634, 133231279, 65957450, 73237462]->[80517474, 89404037, 98290600, 109139117, 119987634, 133231279, 146474924, 73237462, 80517474]
i=191[80517474, 89404037, 98290600, 109139117, 119987634, 133231279, 146474924, 73237462, 80517474]->[89404037, 98290600, 109139117, 119987634, 133231279, 146474924, 162641499, 80517474, 89404037]
i=192[89404037, 98290600, 109139117, 119987634, 133231279, 146474924, 162641499, 80517474, 89404037]->[98290600, 109139117, 119987634, 133231279, 146474924, 162641499, 178808074, 89404037, 98290600]
i=193[98290600, 109139117, 119987634, 133231279, 146474924, 162641499, 178808074, 89404037, 98290600]->[109139117, 119987634, 133231279, 146474924, 162641499, 178808074, 198543154, 98290600, 109139117]
i=194[109139117, 119987634, 133231279, 146474924, 162641499, 178808074, 198543154, 98290600, 109139117]->[119987634, 133231279, 146474924, 162641499, 178808074, 198543154, 218278234, 109139117, 119987634]
i=195[119987634, 133231279, 146474924, 162641499, 178808074, 198543154, 218278234, 109139117, 119987634]->[133231279, 146474924, 162641499, 178808074, 198543154, 218278234, 242370396, 119987634, 133231279]
i=196[133231279, 146474924, 162641499, 178808074, 198543154, 218278234, 242370396, 119987634, 133231279]->[146474924, 162641499, 178808074, 198543154, 218278234, 242370396, 266462558, 133231279, 146474924]
i=197[146474924, 162641499, 178808074, 198543154, 218278234, 242370396, 266462558, 133231279, 146474924]->[162641499, 178808074, 198543154, 218278234, 242370396, 266462558, 295872778, 146474924, 162641499]
i=198[162641499, 178808074, 198543154, 218278234, 242370396, 266462558, 295872778, 146474924, 162641499]->[178808074, 198543154, 218278234, 242370396, 266462558, 295872778, 325282998, 162641499, 178808074]
i=199[178808074, 198543154, 218278234, 242370396, 266462558, 295872778, 325282998, 162641499, 178808074]->[198543154, 218278234, 242370396, 266462558, 295872778, 325282998, 361184653, 178808074, 198543154]
i=200[198543154, 218278234, 242370396, 266462558, 295872778, 325282998, 361184653, 178808074, 198543154]->[218278234, 242370396, 266462558, 295872778, 325282998, 361184653, 397086308, 198543154, 218278234]
i=201[218278234, 242370396, 266462558, 295872778, 325282998, 361184653, 397086308, 198543154, 218278234]->[242370396, 266462558, 295872778, 325282998, 361184653, 397086308, 440913550, 218278234, 242370396]
i=202[242370396, 266462558, 295872778, 325282998, 361184653, 397086308, 440913550, 218278234, 242370396]->[266462558, 295872778, 325282998, 361184653, 397086308, 440913550, 484740792, 242370396, 266462558]
i=203[266462558, 295872778, 325282998, 361184653, 397086308, 440913550, 484740792, 242370396, 266462558]->[295872778, 325282998, 361184653, 397086308, 440913550, 484740792, 538243174, 266462558, 295872778]
i=204[295872778, 325282998, 361184653, 397086308, 440913550, 484740792, 538243174, 266462558, 295872778]->[325282998, 361184653, 397086308, 440913550, 484740792, 538243174, 591745556, 295872778, 325282998]
i=205[325282998, 361184653, 397086308, 440913550, 484740792, 538243174, 591745556, 295872778, 325282998]->[361184653, 397086308, 440913550, 484740792, 538243174, 591745556, 657057431, 325282998, 361184653]
i=206[361184653, 397086308, 440913550, 484740792, 538243174, 591745556, 657057431, 325282998, 361184653]->[397086308, 440913550, 484740792, 538243174, 591745556, 657057431, 722369306, 361184653, 397086308]
i=207[397086308, 440913550, 484740792, 538243174, 591745556, 657057431, 722369306, 361184653, 397086308]->[440913550, 484740792, 538243174, 591745556, 657057431, 722369306, 802098203, 397086308, 440913550]
i=208[440913550, 484740792, 538243174, 591745556, 657057431, 722369306, 802098203, 397086308, 440913550]->[484740792, 538243174, 591745556, 657057431, 722369306, 802098203, 881827100, 440913550, 484740792]
i=209[484740792, 538243174, 591745556, 657057431, 722369306, 802098203, 881827100, 440913550, 484740792]->[538243174, 591745556, 657057431, 722369306, 802098203, 881827100, 979156724, 484740792, 538243174]
i=210[538243174, 591745556, 657057431, 722369306, 802098203, 881827100, 979156724, 484740792, 538243174]->[591745556, 657057431, 722369306, 802098203, 881827100, 979156724, 1076486348, 538243174, 591745556]
i=211[591745556, 657057431, 722369306, 802098203, 881827100, 979156724, 1076486348, 538243174, 591745556]->[657057431, 722369306, 802098203, 881827100, 979156724, 1076486348, 1195300605, 591745556, 657057431]
i=212[657057431, 722369306, 802098203, 881827100, 979156724, 1076486348, 1195300605, 591745556, 657057431]->[722369306, 802098203, 881827100, 979156724, 1076486348, 1195300605, 1314114862, 657057431, 722369306]
i=213[722369306, 802098203, 881827100, 979156724, 1076486348, 1195300605, 1314114862, 657057431, 722369306]->[802098203, 881827100, 979156724, 1076486348, 1195300605, 1314114862, 1459155634, 722369306, 802098203]
i=214[802098203, 881827100, 979156724, 1076486348, 1195300605, 1314114862, 1459155634, 722369306, 802098203]->[881827100, 979156724, 1076486348, 1195300605, 1314114862, 1459155634, 1604196406, 802098203, 881827100]
i=215[881827100, 979156724, 1076486348, 1195300605, 1314114862, 1459155634, 1604196406, 802098203, 881827100]->[979156724, 1076486348, 1195300605, 1314114862, 1459155634, 1604196406, 1781254927, 881827100, 979156724]
i=216[979156724, 1076486348, 1195300605, 1314114862, 1459155634, 1604196406, 1781254927, 881827100, 979156724]->[1076486348, 1195300605, 1314114862, 1459155634, 1604196406, 1781254927, 1958313448, 979156724, 1076486348]
i=217[1076486348, 1195300605, 1314114862, 1459155634, 1604196406, 1781254927, 1958313448, 979156724, 1076486348]->[1195300605, 1314114862, 1459155634, 1604196406, 1781254927, 1958313448, 2174457329, 1076486348, 1195300605]
i=218[1195300605, 1314114862, 1459155634, 1604196406, 1781254927, 1958313448, 2174457329, 1076486348, 1195300605]->[1314114862, 1459155634, 1604196406, 1781254927, 1958313448, 2174457329, 2390601210, 1195300605, 1314114862]
i=219[1314114862, 1459155634, 1604196406, 1781254927, 1958313448, 2174457329, 2390601210, 1195300605, 1314114862]->[1459155634, 1604196406, 1781254927, 1958313448, 2174457329, 2390601210, 2654456239, 1314114862, 1459155634]
i=220[1459155634, 1604196406, 1781254927, 1958313448, 2174457329, 2390601210, 2654456239, 1314114862, 1459155634]->[1604196406, 1781254927, 1958313448, 2174457329, 2390601210, 2654456239, 2918311268, 1459155634, 1604196406]
i=221[1604196406, 1781254927, 1958313448, 2174457329, 2390601210, 2654456239, 2918311268, 1459155634, 1604196406]->[1781254927, 1958313448, 2174457329, 2390601210, 2654456239, 2918311268, 3240410561, 1604196406, 1781254927]
i=222[1781254927, 1958313448, 2174457329, 2390601210, 2654456239, 2918311268, 3240410561, 1604196406, 1781254927]->[1958313448, 2174457329, 2390601210, 2654456239, 2918311268, 3240410561, 3562509854, 1781254927, 1958313448]
i=223[1958313448, 2174457329, 2390601210, 2654456239, 2918311268, 3240410561, 3562509854, 1781254927, 1958313448]->[2174457329, 2390601210, 2654456239, 2918311268, 3240410561, 3562509854, 3955712256, 1958313448, 2174457329]
i=224[2174457329, 2390601210, 2654456239, 2918311268, 3240410561, 3562509854, 3955712256, 1958313448, 2174457329]->[2390601210, 2654456239, 2918311268, 3240410561, 3562509854, 3955712256, 4348914658, 2174457329, 2390601210]
i=225[2390601210, 2654456239, 2918311268, 3240410561, 3562509854, 3955712256, 4348914658, 2174457329, 2390601210]->[2654456239, 2918311268, 3240410561, 3562509854, 3955712256, 4348914658, 4828913568, 2390601210, 2654456239]
i=226[2654456239, 2918311268, 3240410561, 3562509854, 3955712256, 4348914658, 4828913568, 2390601210, 2654456239]->[2918311268, 3240410561, 3562509854, 3955712256, 4348914658, 4828913568, 5308912478, 2654456239, 2918311268]
i=227[2918311268, 3240410561, 3562509854, 3955712256, 4348914658, 4828913568, 5308912478, 2654456239, 2918311268]->[3240410561, 3562509854, 3955712256, 4348914658, 4828913568, 5308912478, 5894866800, 2918311268, 3240410561]
i=228[3240410561, 3562509854, 3955712256, 4348914658, 4828913568, 5308912478, 5894866800, 2918311268, 3240410561]->[3562509854, 3955712256, 4348914658, 4828913568, 5308912478, 5894866800, 6480821122, 3240410561, 3562509854]
i=229[3562509854, 3955712256, 4348914658, 4828913568, 5308912478, 5894866800, 6480821122, 3240410561, 3562509854]->[3955712256, 4348914658, 4828913568, 5308912478, 5894866800, 6480821122, 7196122817, 3562509854, 3955712256]
i=230[3955712256, 4348914658, 4828913568, 5308912478, 5894866800, 6480821122, 7196122817, 3562509854, 3955712256]->[4348914658, 4828913568, 5308912478, 5894866800, 6480821122, 7196122817, 7911424512, 3955712256, 4348914658]
i=231[4348914658, 4828913568, 5308912478, 5894866800, 6480821122, 7196122817, 7911424512, 3955712256, 4348914658]->[4828913568, 5308912478, 5894866800, 6480821122, 7196122817, 7911424512, 8784625824, 4348914658, 4828913568]
i=232[4828913568, 5308912478, 5894866800, 6480821122, 7196122817, 7911424512, 8784625824, 4348914658, 4828913568]->[5308912478, 5894866800, 6480821122, 7196122817, 7911424512, 8784625824, 9657827136, 4828913568, 5308912478]
i=233[5308912478, 5894866800, 6480821122, 7196122817, 7911424512, 8784625824, 9657827136, 4828913568, 5308912478]->[5894866800, 6480821122, 7196122817, 7911424512, 8784625824, 9657827136, 10723780368, 5308912478, 5894866800]
i=234[5894866800, 6480821122, 7196122817, 7911424512, 8784625824, 9657827136, 10723780368, 5308912478, 5894866800]->[6480821122, 7196122817, 7911424512, 8784625824, 9657827136, 10723780368, 11789733600, 5894866800, 6480821122]
i=235[6480821122, 7196122817, 7911424512, 8784625824, 9657827136, 10723780368, 11789733600, 5894866800, 6480821122]->[7196122817, 7911424512, 8784625824, 9657827136, 10723780368, 11789733600, 13090989617, 6480821122, 7196122817]
i=236[7196122817, 7911424512, 8784625824, 9657827136, 10723780368, 11789733600, 13090989617, 6480821122, 7196122817]->[7911424512, 8784625824, 9657827136, 10723780368, 11789733600, 13090989617, 14392245634, 7196122817, 7911424512]
i=237[7911424512, 8784625824, 9657827136, 10723780368, 11789733600, 13090989617, 14392245634, 7196122817, 7911424512]->[8784625824, 9657827136, 10723780368, 11789733600, 13090989617, 14392245634, 15980748641, 7911424512, 8784625824]
i=238[8784625824, 9657827136, 10723780368, 11789733600, 13090989617, 14392245634, 15980748641, 7911424512, 8784625824]->[9657827136, 10723780368, 11789733600, 13090989617, 14392245634, 15980748641, 17569251648, 8784625824, 9657827136]
i=239[9657827136, 10723780368, 11789733600, 13090989617, 14392245634, 15980748641, 17569251648, 8784625824, 9657827136]->[10723780368, 11789733600, 13090989617, 14392245634, 15980748641, 17569251648, 19508406192, 9657827136, 10723780368]
i=240[10723780368, 11789733600, 13090989617, 14392245634, 15980748641, 17569251648, 19508406192, 9657827136, 10723780368]->[11789733600, 13090989617, 14392245634, 15980748641, 17569251648, 19508406192, 21447560736, 10723780368, 11789733600]
i=241[11789733600, 13090989617, 14392245634, 15980748641, 17569251648, 19508406192, 21447560736, 10723780368, 11789733600]->[13090989617, 14392245634, 15980748641, 17569251648, 19508406192, 21447560736, 23814769985, 11789733600, 13090989617]
i=242[13090989617, 14392245634, 15980748641, 17569251648, 19508406192, 21447560736, 23814769985, 11789733600, 13090989617]->[14392245634, 15980748641, 17569251648, 19508406192, 21447560736, 23814769985, 26181979234, 13090989617, 14392245634]
i=243[14392245634, 15980748641, 17569251648, 19508406192, 21447560736, 23814769985, 26181979234, 13090989617, 14392245634]->[15980748641, 17569251648, 19508406192, 21447560736, 23814769985, 26181979234, 29071738258, 14392245634, 15980748641]
i=244[15980748641, 17569251648, 19508406192, 21447560736, 23814769985, 26181979234, 29071738258, 14392245634, 15980748641]->[17569251648, 19508406192, 21447560736, 23814769985, 26181979234, 29071738258, 31961497282, 15980748641, 17569251648]
i=245[17569251648, 19508406192, 21447560736, 23814769985, 26181979234, 29071738258, 31961497282, 15980748641, 17569251648]->[19508406192, 21447560736, 23814769985, 26181979234, 29071738258, 31961497282, 35489154833, 17569251648, 19508406192]
i=246[19508406192, 21447560736, 23814769985, 26181979234, 29071738258, 31961497282, 35489154833, 17569251648, 19508406192]->[21447560736, 23814769985, 26181979234, 29071738258, 31961497282, 35489154833, 39016812384, 19508406192, 21447560736]
i=247[21447560736, 23814769985, 26181979234, 29071738258, 31961497282, 35489154833, 39016812384, 19508406192, 21447560736]->[23814769985, 26181979234, 29071738258, 31961497282, 35489154833, 39016812384, 43323176177, 21447560736, 23814769985]
i=248[23814769985, 26181979234, 29071738258, 31961497282, 35489154833, 39016812384, 43323176177, 21447560736, 23814769985]->[26181979234, 29071738258, 31961497282, 35489154833, 39016812384, 43323176177, 47629539970, 23814769985, 26181979234]
i=249[26181979234, 29071738258, 31961497282, 35489154833, 39016812384, 43323176177, 47629539970, 23814769985, 26181979234]->[29071738258, 31961497282, 35489154833, 39016812384, 43323176177, 47629539970, 52886508243, 26181979234, 29071738258]
i=250[29071738258, 31961497282, 35489154833, 39016812384, 43323176177, 47629539970, 52886508243, 26181979234, 29071738258]->[31961497282, 35489154833, 39016812384, 43323176177, 47629539970, 52886508243, 58143476516, 29071738258, 31961497282]
i=251[31961497282, 35489154833, 39016812384, 43323176177, 47629539970, 52886508243, 58143476516, 29071738258, 31961497282]->[35489154833, 39016812384, 43323176177, 47629539970, 52886508243, 58143476516, 64560893091, 31961497282, 35489154833]
i=252[35489154833, 39016812384, 43323176177, 47629539970, 52886508243, 58143476516, 64560893091, 31961497282, 35489154833]->[39016812384, 43323176177, 47629539970, 52886508243, 58143476516, 64560893091, 70978309666, 35489154833, 39016812384]
i=253[39016812384, 43323176177, 47629539970, 52886508243, 58143476516, 64560893091, 70978309666, 35489154833, 39016812384]->[43323176177, 47629539970, 52886508243, 58143476516, 64560893091, 70978309666, 78812331010, 39016812384, 43323176177]
i=254[43323176177, 47629539970, 52886508243, 58143476516, 64560893091, 70978309666, 78812331010, 39016812384, 43323176177]->[47629539970, 52886508243, 58143476516, 64560893091, 70978309666, 78812331010, 86646352354, 43323176177, 47629539970]
i=255[47629539970, 52886508243, 58143476516, 64560893091, 70978309666, 78812331010, 86646352354, 43323176177, 47629539970]->[52886508243, 58143476516, 64560893091, 70978309666, 78812331010, 86646352354, 96209684420, 47629539970, 52886508243]
pt2: 608753603513
